NCTYPE		: 1
COUNT_BY_TYPE		: 84815
COUNT_BY_INDEX		: 84809
COUNT_BY_DEPOSITE		: 2100
AVG_SHIFT_BY_INDEX		: 65.749244473265342
AVG_SHIFT_BY_DEPOSITE		: 1.196840888993692
23.09 15:58:19:default:	

 queryMap: 
NCTYPE		: 2
COUNT_BY_TYPE		: 34843
COUNT_BY_INDEX		: 34839
COUNT_BY_DEPOSITE		: 2938
AVG_SHIFT_BY_INDEX		: 121.028971959934563
AVG_SHIFT_BY_DEPOSITE		: 28.279052607410383





 queryMap:  first part
1		: 1
2		: 599359
3		: 192.67137650389833138